   15 125 225
   94 225 245
  105 352 372
  106 251 252
 3712   1   0
 9728 126 125
10753 125 225
10880 232 231
11008 126 125
11136 126 125
28288 245 246
28416 251 252
29696 246 245
30336 245 246
30464 251 252
31104 232 231
32657 125 124
32674 232 226
32681 125   1
32694 120  20
32710  25  24
32732 132  32
32736 104   4
32766 246 226
34304 125 126
44033 120  20
44161   0 100
44672 252 253
46593 120  20
46721   0 100
50048   0   1
53377   5 105
61312   0   1
61440   4   5
62209  25 125
62337   5 105
65174  25   5
65175 105   1
65176 125 105
65182  25   5
65191 125 121
65194 125   5
65233 252 251
65297 105 101
65301  24  20
65302 125 121
65304 125 105
65313 125  21
65318   1   0
65322 121 100
65361 252 251
65362 252 246
65392 125 105
65402 120 100
65425 125 101
65429  25  20
65430 125 121
65432 125 105
65441 125  21
65452 125 120
65489 252 251
65490 252 246
65520 125 105
